Neuron	Degree	DegCenter	Betweeness	Closeness
0	0	0.0000	0.0000	0.0000
1	0	0.0000	0.0000	0.0000
2	0	0.0000	0.0000	0.0000
3	0	0.0000	0.0000	0.0000
4	0	0.0000	0.0000	0.0000
5	0	0.0000	0.0000	0.0000
6	0	0.0000	0.0000	0.0000
7	0	0.0000	0.0000	0.0000
8	0	0.0000	0.0000	0.0000
9	0	0.0000	0.0000	0.0000
10	0	0.0000	0.0000	0.0000
11	0	0.0000	0.0000	0.0000
12	0	0.0000	0.0000	0.0000
13	0	0.0000	0.0000	0.0000
14	1	0.0345	0.0000	0.0345
15	1	0.0345	0.0000	0.0345
16	0	0.0000	0.0000	0.0000
17	0	0.0000	0.0000	0.0000
18	1	0.0345	0.0000	0.0345
19	1	0.0345	0.0000	0.0345
20	1	0.0345	0.0000	0.0460
21	2	0.0690	0.0025	0.0690
22	1	0.0345	0.0000	0.0460
23	1	0.0345	0.0000	0.0591
24	2	0.0690	0.0123	0.0776
25	2	0.0690	0.0197	0.0955
26	2	0.0690	0.0222	0.1034
27	2	0.0690	0.0197	0.0955
28	2	0.0690	0.0123	0.0776
29	1	0.0345	0.0000	0.0591
